4 12 18 5 1958
510 59 535 10
722 2
1 48
2 835
1004 5
1 38
4 262
0 119
3 174
2 618
1316 4
4 788
2 282
0 647
1 781
623 3
4 471
0 852
3 639
948 4
1 216
0 36
3 219
4 548
576 1
1 773
627 3
2 20
1 119
4 625
871 2
2 696
4 521
366 1
0 624
1026 0
193 5
3 396
1 359
4 467
2 567
0 681
538 5
2 94
0 566
1 274
3 25
4 901
3 1 932
2 2 107
2 3 4726
0 0 2900
2 10 1426
0 1 5028
2 4 1102
3 8 5380
3 7 7210
3 9 3794
2 5 9450
1 11 7636
3 11 1435
3 5 1965
1 2 8762
0 5 8545
3 10 7946
1 6 4947